Community Detection Report:
Algorithm: Spectral CLustering
Dataset: graph1000-d50
Time: 0.619982 seconds
Modularity: 0.012170
Community 1: 5, 25, 61, 67, 83, 101, 151, 177, 204, 209, 219, 234, 246, 275, 291, 305, 306, 321, 325, 339, 352, 361, 370, 426, 430, 448, 451, 460, 469, 566, 593, 597, 611, 618, 628, 635, 663, 669, 702, 705, 714, 758, 790, 794, 800, 841, 907, 931, 939, 954, 957, 986, 992, 998
Community 2: 1, 16, 32, 59, 62, 118, 164, 167, 178, 181, 185, 223, 229, 235, 263, 267, 310, 334, 349, 365, 391, 401, 420, 421, 440, 510, 522, 543, 594, 596, 620, 637, 642, 691, 724, 762, 772, 774, 789, 792, 857, 880, 883, 889, 913, 947, 960, 980, 982
Community 3: 2, 92, 108, 141, 148, 183, 184, 190, 200, 220, 268, 286, 312, 343, 347, 351, 364, 400, 407, 419, 471, 476, 487, 506, 555, 558, 590, 595, 649, 658, 701, 729, 730, 766, 777, 808, 844, 870, 873, 895, 941, 959
Community 4: 26, 27, 28, 48, 55, 93, 95, 133, 146, 154, 161, 211, 221, 289, 315, 326, 355, 404, 406, 409, 433, 443, 455, 528, 534, 571, 582, 598, 601, 717, 731, 761, 819, 821, 826, 892, 930, 936, 958, 961, 966, 969, 972
Community 5: 0, 6, 9, 52, 69, 84, 115, 128, 159, 169, 186, 206, 274, 287, 396, 424, 485, 494, 564, 587, 588, 599, 662, 683, 725, 727, 768, 780, 799, 806, 810, 830, 838, 861, 897, 935, 945, 955, 964
Community 6: 14, 31, 46, 53, 86, 90, 112, 116, 130, 150, 210, 218, 226, 239, 264, 280, 283, 284, 302, 322, 366, 374, 378, 379, 450, 457, 480, 484, 488, 492, 511, 515, 520, 525, 533, 536, 542, 546, 552, 563, 569, 606, 607, 627, 631, 693, 697, 736, 748, 805, 812, 813, 814, 820, 822, 827, 865, 871, 882, 884, 894, 900, 905, 975
Community 7: 29, 34, 51, 89, 136, 153, 215, 228, 243, 295, 311, 357, 360, 389, 412, 427, 428, 439, 481, 519, 521, 530, 540, 541, 556, 579, 591, 640, 650, 656, 668, 675, 709, 720, 726, 735, 782, 793, 829, 837, 850, 858, 864, 866, 867, 875, 877, 917, 920
Community 8: 45, 47, 66, 110, 125, 127, 142, 144, 174, 214, 236, 254, 257, 272, 288, 301, 308, 309, 367, 380, 387, 403, 470, 502, 518, 527, 577, 621, 678, 706, 741, 763, 764, 773, 784, 795, 815, 823, 828, 856, 898, 910, 963, 977, 989
Community 9: 117, 126, 134, 135, 137, 160, 165, 189, 196, 207, 316, 328, 330, 332, 342, 346, 429, 432, 446, 459, 461, 463, 495, 503, 549, 554, 568, 575, 576, 604, 629, 630, 651, 684, 689, 692, 700, 710, 718, 737, 765, 791, 834, 859, 878, 879, 886, 896, 911, 921, 923, 924, 927, 952, 970, 976, 983
Community 10: 23, 57, 63, 85, 123, 132, 145, 155, 162, 213, 271, 277, 292, 313, 341, 368, 384, 410, 413, 465, 472, 473, 524, 545, 574, 615, 619, 634, 654, 672, 676, 677, 680, 698, 715, 719, 779, 811, 843, 916, 922, 925, 979, 984, 990, 991
Community 11: 4, 24, 35, 38, 99, 188, 202, 216, 217, 231, 247, 294, 296, 303, 327, 336, 340, 354, 369, 371, 372, 385, 394, 414, 417, 438, 447, 478, 507, 512, 514, 526, 557, 623, 641, 666, 681, 704, 732, 742, 757, 803, 818, 899, 912, 933, 937, 943, 948
Community 12: 18, 30, 49, 65, 77, 80, 98, 104, 105, 138, 179, 199, 208, 233, 298, 329, 415, 467, 509, 513, 551, 562, 585, 605, 609, 614, 632, 653, 657, 659, 674, 723, 744, 754, 796, 833, 847, 851, 860, 863, 918
Community 13: 11, 96, 139, 149, 175, 192, 193, 195, 198, 203, 230, 241, 251, 258, 273, 307, 317, 319, 323, 337, 345, 350, 399, 434, 435, 474, 516, 547, 553, 559, 560, 567, 592, 608, 612, 645, 670, 682, 687, 690, 699, 721, 770, 771, 781, 783, 785, 804, 824, 848, 852, 903, 914, 942, 949, 987
Community 14: 56, 68, 70, 74, 87, 102, 103, 109, 194, 197, 240, 242, 249, 256, 259, 261, 269, 320, 324, 373, 377, 393, 416, 425, 441, 452, 483, 490, 517, 561, 578, 610, 652, 671, 685, 694, 695, 696, 707, 716, 728, 749, 767, 775, 836, 842, 845, 855, 862, 915, 953, 956, 981, 993, 994, 997
Community 15: 8, 10, 21, 22, 42, 43, 54, 60, 72, 82, 106, 120, 152, 176, 182, 187, 212, 222, 224, 237, 255, 260, 262, 281, 335, 383, 442, 456, 462, 477, 535, 570, 572, 580, 616, 661, 739, 740, 746, 751, 752, 787, 797, 831, 835, 888, 904, 926
Community 16: 19, 33, 64, 88, 91, 111, 113, 114, 225, 293, 299, 331, 348, 362, 388, 395, 398, 402, 444, 449, 486, 491, 499, 508, 529, 537, 589, 600, 613, 624, 665, 673, 708, 733, 738, 750, 756, 778, 786, 807, 839, 885, 890, 891, 906, 929, 946, 951
Community 17: 12, 36, 44, 50, 71, 94, 100, 107, 121, 129, 131, 157, 158, 163, 191, 201, 205, 245, 250, 276, 278, 290, 300, 358, 359, 363, 381, 422, 431, 468, 496, 497, 498, 501, 504, 532, 548, 584, 633, 636, 638, 639, 679, 688, 760, 776, 788, 801, 802, 832, 840, 846, 869, 901, 902, 909, 919, 932, 940, 944, 967, 999
Community 18: 20, 73, 78, 79, 143, 166, 168, 170, 172, 227, 238, 248, 253, 265, 266, 279, 285, 376, 386, 390, 392, 397, 418, 445, 454, 458, 466, 479, 489, 493, 500, 505, 523, 531, 544, 581, 625, 644, 646, 647, 664, 722, 747, 769, 809, 816, 853, 868, 876, 881, 908, 934, 950, 971, 973, 978, 988, 996
Community 19: 3, 13, 37, 58, 75, 97, 140, 156, 171, 180, 244, 252, 282, 304, 314, 318, 333, 344, 382, 405, 436, 453, 475, 573, 583, 603, 617, 643, 655, 660, 711, 712, 713, 745, 753, 755, 817, 825, 872, 887, 938, 965, 968, 985, 995
Community 20: 7, 15, 17, 39, 40, 41, 76, 81, 119, 122, 124, 147, 173, 232, 270, 297, 338, 353, 356, 375, 408, 411, 423, 437, 464, 482, 538, 539, 550, 565, 586, 602, 622, 626, 648, 667, 686, 703, 734, 743, 759, 798, 849, 854, 874, 893, 928, 962, 974
