Community Detection Report:
Algorithm: Spectral CLustering
Dataset: graph1000-d90
Time: 0.822129 seconds
Modularity: 0.002412
Community 1: 16, 26, 36, 107, 147, 160, 161, 162, 167, 175, 179, 202, 231, 239, 269, 273, 295, 297, 304, 306, 317, 333, 374, 379, 389, 390, 404, 413, 430, 463, 478, 501, 556, 566, 568, 574, 580, 583, 586, 596, 627, 666, 673, 717, 766, 796, 836, 860, 871, 876, 892, 912, 913, 929, 931, 934, 941, 948
Community 2: 5, 11, 61, 83, 84, 105, 109, 124, 137, 145, 148, 194, 246, 249, 305, 313, 320, 342, 345, 353, 364, 388, 397, 419, 445, 453, 470, 474, 502, 503, 540, 543, 547, 554, 591, 593, 640, 721, 725, 750, 767, 805, 820, 826, 859, 867, 890, 896, 932, 954, 987
Community 3: 38, 43, 54, 99, 122, 132, 133, 135, 158, 190, 240, 245, 300, 328, 355, 396, 437, 471, 473, 490, 512, 550, 551, 610, 617, 636, 682, 711, 720, 740, 752, 759, 776, 782, 808, 809, 812, 821, 835, 845, 873, 881, 887, 924, 926, 927, 951, 976, 983
Community 4: 13, 70, 159, 163, 188, 205, 217, 220, 225, 260, 266, 270, 272, 283, 288, 291, 299, 302, 329, 367, 375, 386, 415, 418, 431, 432, 440, 457, 460, 475, 530, 535, 573, 619, 629, 644, 646, 647, 665, 680, 688, 723, 758, 788, 829, 830, 842, 851, 866, 904, 920, 922, 930, 946, 952, 993
Community 5: 17, 47, 56, 73, 78, 166, 207, 223, 241, 265, 308, 311, 332, 347, 350, 354, 380, 398, 448, 458, 492, 508, 519, 544, 592, 595, 597, 638, 642, 645, 656, 674, 778, 781, 794, 848, 854, 883, 969, 991
Community 6: 10, 14, 30, 32, 62, 63, 64, 67, 120, 131, 134, 157, 168, 183, 191, 203, 208, 212, 227, 228, 237, 243, 281, 303, 331, 352, 362, 368, 371, 402, 409, 462, 509, 525, 539, 548, 552, 557, 561, 590, 686, 693, 718, 771, 775, 777, 798, 819, 838, 870, 878, 903, 905, 911, 915, 943, 955, 956, 964, 975, 984
Community 7: 1, 4, 34, 39, 46, 60, 117, 118, 125, 173, 196, 206, 248, 275, 278, 285, 325, 346, 387, 410, 417, 433, 443, 446, 451, 454, 487, 562, 563, 564, 567, 578, 594, 608, 612, 637, 661, 676, 695, 700, 701, 702, 712, 713, 722, 735, 745, 773, 803, 810, 811, 843, 877, 879, 953, 963, 986
Community 8: 0, 12, 28, 45, 58, 74, 85, 91, 97, 110, 126, 154, 182, 222, 226, 234, 252, 255, 276, 292, 357, 366, 370, 424, 428, 441, 449, 450, 472, 476, 495, 498, 521, 528, 546, 572, 581, 602, 653, 659, 660, 664, 679, 684, 692, 709, 714, 730, 736, 753, 770, 780, 784, 800, 844, 900, 907, 919, 938, 982, 997
Community 9: 7, 8, 18, 20, 29, 31, 94, 103, 138, 153, 174, 204, 221, 233, 319, 344, 349, 412, 468, 484, 504, 514, 520, 524, 531, 600, 606, 633, 662, 685, 687, 689, 690, 822, 824, 839, 840, 861, 863, 875, 882, 885, 898, 942, 960, 971, 985
Community 10: 21, 44, 48, 53, 72, 92, 149, 155, 164, 165, 211, 213, 238, 251, 253, 289, 322, 324, 326, 341, 351, 423, 426, 452, 483, 510, 515, 542, 560, 582, 648, 663, 681, 699, 754, 769, 774, 779, 865, 880, 897, 923, 974, 992
Community 11: 25, 27, 40, 52, 66, 80, 89, 111, 123, 139, 143, 146, 151, 177, 180, 197, 210, 218, 219, 254, 277, 282, 286, 298, 335, 360, 365, 383, 406, 420, 421, 439, 480, 537, 598, 605, 614, 618, 625, 628, 649, 691, 694, 739, 741, 764, 783, 891, 899, 973, 980
Community 12: 3, 15, 19, 35, 37, 59, 113, 127, 142, 150, 187, 199, 216, 224, 279, 309, 314, 318, 334, 336, 411, 427, 461, 464, 469, 486, 491, 493, 538, 575, 579, 589, 599, 669, 671, 675, 705, 749, 760, 761, 791, 815, 833, 841, 849, 893, 961, 981
Community 13: 49, 76, 82, 86, 90, 96, 106, 128, 141, 152, 193, 256, 257, 284, 312, 327, 339, 369, 378, 434, 482, 516, 523, 533, 565, 577, 585, 611, 635, 657, 668, 683, 724, 727, 772, 786, 795, 823, 825, 827, 864, 868, 895, 939, 988, 990
Community 14: 68, 87, 98, 129, 130, 144, 178, 198, 201, 247, 262, 263, 268, 358, 361, 381, 385, 405, 407, 435, 444, 479, 485, 489, 505, 532, 536, 541, 571, 609, 613, 624, 639, 650, 652, 731, 742, 763, 797, 837, 847, 862, 886, 906, 910, 940, 967, 970, 977, 999
Community 15: 65, 79, 115, 169, 181, 185, 229, 259, 280, 363, 392, 393, 422, 429, 436, 438, 465, 466, 494, 522, 526, 529, 569, 584, 588, 601, 616, 651, 719, 729, 744, 790, 799, 801, 828, 874, 908, 921, 928, 936, 966, 989
Community 16: 57, 81, 95, 189, 232, 242, 274, 294, 307, 330, 356, 382, 425, 499, 518, 527, 604, 607, 615, 623, 630, 631, 706, 710, 715, 716, 733, 756, 762, 765, 787, 818, 852, 856, 869, 909, 944, 947, 958, 959, 972, 979, 995
Community 17: 22, 41, 93, 100, 101, 114, 119, 171, 176, 186, 195, 214, 215, 235, 236, 261, 293, 310, 348, 359, 395, 400, 416, 447, 455, 459, 467, 481, 496, 506, 549, 553, 587, 603, 622, 654, 655, 658, 670, 677, 696, 732, 734, 737, 748, 789, 792, 802, 813, 846, 858, 889, 894, 901, 914, 917, 918, 925, 935, 937, 965, 968, 996
Community 18: 9, 24, 42, 51, 69, 88, 102, 104, 121, 136, 172, 209, 271, 287, 296, 315, 321, 337, 343, 372, 376, 377, 401, 497, 513, 634, 678, 697, 707, 743, 746, 747, 793, 804, 806, 816, 817, 831, 884, 902, 933, 945, 950, 962, 994
Community 19: 23, 50, 55, 71, 77, 108, 116, 140, 170, 192, 244, 258, 264, 267, 340, 384, 391, 399, 403, 500, 507, 534, 545, 555, 558, 570, 620, 626, 632, 641, 643, 667, 672, 703, 704, 708, 726, 728, 738, 751, 755, 785, 814, 832, 853, 855, 857, 888, 916, 978
Community 20: 2, 6, 33, 75, 112, 156, 184, 200, 230, 250, 290, 301, 316, 323, 338, 373, 394, 408, 414, 442, 456, 477, 488, 511, 517, 559, 576, 621, 698, 757, 768, 807, 834, 850, 872, 949, 957, 998
