Community Detection Report:
Algorithm: Spectral CLustering
Dataset: graph1000-d50
Time: 0.607870 seconds
Modularity: 0.019934
Community 1: 7, 29, 30, 39, 45, 59, 68, 72, 74, 78, 79, 91, 96, 102, 109, 113, 119, 126, 128, 141, 143, 144, 147, 169, 170, 174, 183, 184, 190, 194, 197, 198, 214, 218, 220, 222, 224, 229, 237, 238, 240, 241, 248, 254, 259, 261, 265, 269, 282, 302, 316, 317, 324, 338, 341, 343, 351, 357, 360, 373, 375, 380, 387, 390, 392, 393, 396, 397, 402, 416, 418, 420, 425, 426, 432, 452, 453, 458, 466, 471, 476, 479, 482, 489, 493, 494, 506, 517, 523, 536, 550, 559, 565, 578, 580, 587, 594, 595, 600, 624, 625, 629, 644, 647, 649, 651, 655, 662, 667, 671, 672, 683, 685, 691, 702, 706, 716, 724, 728, 729, 733, 735, 746, 747, 749, 755, 757, 772, 775, 777, 781, 785, 789, 828, 830, 838, 842, 845, 853, 861, 870, 873, 874, 876, 889, 890, 897, 908, 911, 915, 941, 945, 947, 948, 953, 955, 956, 959, 964, 968, 969, 971, 973, 980, 981, 988, 993, 997
Community 2: 3, 16, 19, 25, 32, 36, 44, 47, 50, 61, 71, 83, 94, 100, 101, 104, 111, 121, 122, 129, 131, 134, 137, 151, 157, 163, 191, 201, 209, 219, 233, 245, 246, 250, 255, 256, 267, 268, 275, 281, 284, 287, 290, 291, 296, 300, 305, 306, 311, 318, 321, 322, 329, 330, 331, 333, 335, 342, 346, 352, 358, 359, 363, 365, 377, 381, 388, 403, 414, 415, 417, 429, 431, 438, 439, 446, 448, 449, 459, 462, 463, 468, 469, 496, 497, 498, 501, 503, 509, 513, 527, 532, 533, 541, 548, 566, 573, 584, 593, 596, 602, 604, 610, 618, 628, 633, 635, 636, 638, 639, 652, 660, 679, 684, 686, 688, 692, 695, 699, 705, 710, 712, 718, 720, 730, 750, 758, 762, 787, 792, 795, 796, 800, 801, 802, 814, 826, 832, 835, 840, 841, 846, 849, 850, 851, 862, 866, 869, 872, 882, 886, 887, 888, 896, 901, 902, 907, 909, 910, 921, 923, 924, 927, 931, 932, 937, 939, 940, 943, 944, 952, 960, 974, 983, 986, 987, 992, 994, 998, 999
Community 3: 1, 4, 5, 11, 14, 18, 22, 24, 26, 28, 46, 49, 53, 54, 65, 80, 88, 112, 116, 117, 120, 135, 139, 150, 152, 160, 161, 172, 177, 179, 185, 186, 189, 193, 196, 203, 207, 208, 216, 217, 225, 226, 253, 263, 264, 266, 270, 273, 280, 289, 294, 298, 310, 312, 315, 319, 323, 328, 332, 334, 345, 348, 349, 350, 354, 364, 366, 371, 372, 378, 383, 389, 391, 394, 401, 421, 423, 435, 440, 444, 450, 455, 461, 474, 485, 512, 515, 516, 520, 528, 529, 539, 543, 546, 547, 549, 551, 553, 554, 562, 563, 575, 576, 592, 598, 599, 605, 606, 609, 613, 614, 620, 623, 632, 645, 653, 657, 659, 666, 673, 674, 675, 697, 700, 711, 721, 723, 737, 744, 748, 754, 771, 778, 783, 790, 791, 799, 804, 805, 812, 813, 815, 819, 822, 827, 833, 834, 839, 847, 855, 860, 863, 865, 879, 881, 883, 884, 885, 894, 918, 929, 938, 942, 951, 954, 962, 991, 996
Community 4: 8, 12, 15, 20, 35, 48, 52, 60, 63, 73, 76, 77, 84, 85, 93, 95, 98, 105, 106, 115, 118, 123, 125, 132, 133, 138, 145, 146, 153, 154, 162, 167, 173, 181, 200, 202, 205, 211, 212, 213, 223, 231, 236, 242, 247, 258, 276, 279, 285, 288, 292, 297, 303, 325, 326, 327, 336, 337, 339, 340, 353, 367, 368, 376, 384, 385, 404, 407, 411, 433, 437, 445, 451, 457, 467, 470, 472, 481, 488, 495, 505, 507, 524, 526, 558, 560, 571, 581, 582, 589, 601, 607, 611, 612, 634, 637, 641, 646, 648, 668, 669, 678, 682, 689, 690, 698, 701, 703, 704, 714, 715, 719, 722, 732, 734, 739, 741, 752, 759, 760, 761, 763, 768, 769, 770, 774, 779, 780, 782, 784, 798, 803, 806, 811, 818, 823, 837, 852, 854, 856, 868, 878, 903, 905, 913, 919, 922, 925, 926, 930, 933, 934, 936, 946, 949, 958, 963, 967, 972, 977, 979, 984, 989
Community 5: 2, 9, 10, 42, 43, 57, 62, 66, 82, 86, 92, 107, 108, 127, 140, 142, 148, 155, 158, 159, 165, 166, 168, 175, 176, 178, 180, 182, 187, 192, 199, 204, 210, 227, 232, 235, 243, 251, 252, 257, 260, 262, 271, 274, 277, 278, 283, 286, 299, 301, 304, 308, 309, 313, 314, 344, 347, 355, 361, 370, 374, 379, 382, 386, 399, 405, 409, 419, 422, 434, 442, 443, 454, 456, 464, 465, 473, 475, 477, 478, 480, 486, 487, 491, 504, 510, 522, 530, 534, 535, 540, 545, 555, 567, 568, 570, 572, 577, 590, 608, 615, 616, 619, 621, 626, 627, 630, 640, 642, 643, 661, 663, 664, 676, 677, 680, 687, 709, 713, 717, 726, 740, 745, 751, 753, 764, 765, 773, 776, 788, 794, 797, 808, 809, 810, 817, 825, 831, 844, 848, 857, 859, 893, 895, 900, 904, 906, 914, 916, 917, 920, 928, 950, 957, 966, 976, 978, 982, 985, 990
Community 6: 0, 6, 13, 17, 21, 23, 27, 31, 33, 34, 37, 38, 40, 41, 51, 55, 56, 58, 64, 67, 69, 70, 75, 81, 87, 89, 90, 97, 99, 103, 110, 114, 124, 130, 136, 149, 156, 164, 171, 188, 195, 206, 215, 221, 228, 230, 234, 239, 244, 249, 272, 293, 295, 307, 320, 356, 362, 369, 395, 398, 400, 406, 408, 410, 412, 413, 424, 427, 428, 430, 436, 441, 447, 460, 483, 484, 490, 492, 499, 500, 502, 508, 511, 514, 518, 519, 521, 525, 531, 537, 538, 542, 544, 552, 556, 557, 561, 564, 569, 574, 579, 583, 585, 586, 588, 591, 597, 603, 617, 622, 631, 650, 654, 656, 658, 665, 670, 681, 693, 694, 696, 707, 708, 725, 727, 731, 736, 738, 742, 743, 756, 766, 767, 786, 793, 807, 816, 820, 821, 824, 829, 836, 843, 858, 864, 867, 871, 875, 877, 880, 891, 892, 898, 899, 912, 935, 961, 965, 970, 975, 995
