Community Detection Report:
Algorithm: Spectral CLustering
Dataset: graph1000-d10
Time: 0.422785 seconds
Modularity: 0.047256
Community 1: 8, 32, 38, 136, 144, 188, 333, 348, 359, 381, 395, 398, 453, 464, 473, 478, 499, 567, 593, 606, 608, 629, 641, 655, 671, 681, 716, 721, 739, 743, 756, 762, 787, 792, 793, 811, 813, 820, 827, 834, 850, 886, 910, 913, 978
Community 2: 14, 30, 34, 57, 73, 83, 114, 124, 152, 155, 161, 165, 195, 202, 214, 290, 299, 302, 317, 369, 377, 386, 422, 432, 434, 472, 477, 493, 496, 539, 552, 553, 566, 582, 597, 657, 707, 715, 758, 794, 819, 824, 881, 888, 890, 945, 974, 983
Community 3: 29, 49, 55, 67, 97, 101, 117, 162, 169, 186, 201, 207, 226, 277, 278, 355, 368, 380, 387, 390, 397, 402, 417, 485, 561, 564, 568, 581, 596, 598, 634, 653, 658, 683, 690, 692, 728, 764, 767, 771, 800, 818, 823, 831, 855, 862, 870, 872, 906, 984, 999
Community 4: 0, 2, 22, 24, 33, 54, 56, 77, 82, 126, 140, 178, 209, 213, 236, 298, 321, 332, 339, 357, 362, 379, 428, 436, 440, 475, 562, 604, 699, 704, 738, 773, 777, 779, 780, 784, 785, 837, 874, 896, 899, 904, 920, 955, 977
Community 5: 12, 17, 31, 60, 64, 92, 94, 95, 112, 116, 146, 164, 222, 224, 233, 274, 296, 308, 366, 389, 391, 405, 425, 429, 433, 457, 468, 494, 513, 541, 545, 574, 592, 623, 632, 643, 663, 680, 691, 697, 740, 754, 766, 814, 857, 865, 895, 909, 914, 918, 922, 953, 957, 985, 991, 995
Community 6: 3, 36, 48, 80, 107, 113, 119, 121, 181, 217, 219, 225, 243, 257, 267, 273, 372, 406, 415, 426, 498, 526, 540, 590, 595, 612, 624, 631, 644, 645, 666, 674, 700, 722, 727, 737, 772, 812, 828, 838, 840, 887, 900, 923, 925, 948, 950, 975
Community 7: 23, 46, 50, 52, 88, 91, 127, 157, 172, 204, 210, 223, 228, 252, 258, 268, 281, 288, 376, 393, 404, 410, 411, 412, 414, 444, 446, 488, 490, 501, 506, 515, 572, 577, 669, 672, 673, 688, 698, 717, 724, 745, 799, 829, 848, 859, 885, 912, 964, 969, 989, 992, 997
Community 8: 13, 35, 39, 42, 66, 111, 141, 167, 199, 203, 206, 229, 275, 289, 292, 316, 324, 327, 350, 375, 430, 497, 507, 510, 527, 531, 536, 538, 563, 587, 621, 636, 656, 661, 712, 719, 729, 731, 803, 843, 844, 854, 892, 894, 954, 993, 998
Community 9: 15, 40, 70, 79, 84, 90, 105, 135, 234, 235, 254, 255, 259, 307, 310, 323, 329, 331, 337, 344, 347, 364, 374, 437, 458, 476, 487, 500, 558, 594, 614, 630, 667, 668, 684, 687, 752, 769, 782, 808, 810, 822, 861, 880, 901, 917, 979
Community 10: 27, 68, 74, 120, 130, 134, 145, 160, 197, 231, 237, 245, 256, 309, 319, 328, 330, 342, 343, 361, 373, 392, 394, 462, 486, 533, 548, 570, 573, 578, 601, 610, 625, 637, 640, 647, 649, 693, 714, 718, 751, 783, 789, 806, 825, 864, 868, 876, 884, 893, 897, 903, 935, 940
Community 11: 1, 21, 28, 76, 150, 153, 168, 211, 250, 251, 264, 293, 295, 301, 305, 358, 401, 408, 431, 474, 495, 508, 522, 524, 529, 530, 543, 547, 557, 576, 583, 589, 676, 696, 703, 781, 807, 826, 852, 853, 908, 929, 946, 967, 973
Community 12: 44, 47, 51, 85, 86, 93, 99, 123, 133, 187, 196, 205, 238, 246, 334, 346, 356, 399, 419, 420, 438, 439, 461, 471, 504, 520, 537, 559, 560, 588, 607, 617, 646, 713, 746, 776, 919, 951, 965, 986, 987
Community 13: 53, 72, 81, 106, 110, 163, 166, 173, 177, 183, 185, 200, 260, 261, 265, 276, 284, 304, 313, 320, 325, 349, 418, 452, 455, 456, 459, 616, 642, 679, 685, 709, 759, 816, 821, 832, 836, 856, 863, 867, 871, 878, 902, 947, 959, 961, 968, 971, 996
Community 14: 43, 45, 75, 87, 104, 125, 138, 139, 148, 158, 171, 176, 184, 221, 230, 239, 240, 248, 271, 272, 283, 326, 336, 352, 353, 371, 435, 470, 492, 569, 584, 620, 627, 633, 639, 675, 710, 734, 736, 753, 763, 774, 788, 795, 797, 860, 949, 960, 982, 988
Community 15: 6, 25, 37, 41, 65, 78, 100, 103, 131, 147, 151, 159, 175, 189, 191, 193, 269, 270, 285, 306, 314, 363, 365, 367, 370, 378, 384, 400, 427, 451, 466, 503, 514, 518, 534, 546, 555, 580, 591, 600, 602, 609, 635, 650, 660, 686, 694, 705, 706, 723, 726, 747, 748, 755, 757, 770, 778, 791, 802, 815, 835, 849, 875, 930, 931, 932, 990
Community 16: 18, 20, 61, 89, 137, 149, 154, 190, 215, 218, 241, 263, 286, 294, 297, 300, 315, 388, 416, 441, 448, 469, 479, 482, 484, 491, 509, 517, 519, 532, 549, 575, 579, 599, 605, 618, 619, 626, 638, 651, 652, 664, 725, 733, 735, 768, 801, 805, 842, 858, 883, 889, 891, 898, 915, 921, 934, 963, 976, 980
Community 17: 4, 9, 16, 26, 58, 132, 170, 174, 179, 198, 227, 232, 249, 262, 287, 322, 335, 354, 385, 413, 442, 449, 465, 528, 544, 571, 611, 677, 701, 741, 744, 761, 775, 786, 817, 833, 839, 846, 866, 869, 926, 928, 933, 937, 941, 942, 962, 981, 994
Community 18: 7, 10, 69, 96, 98, 118, 122, 182, 194, 216, 247, 253, 312, 338, 407, 409, 481, 489, 511, 516, 535, 542, 613, 654, 659, 682, 695, 702, 742, 765, 796, 798, 841, 845, 847, 879, 882, 905, 927, 938, 966
Community 19: 5, 59, 62, 108, 129, 142, 192, 208, 220, 280, 282, 340, 351, 396, 423, 445, 447, 450, 460, 467, 480, 512, 523, 525, 550, 565, 585, 586, 615, 648, 665, 670, 678, 689, 730, 749, 760, 830, 877, 916, 936, 939, 952, 956, 958, 970
Community 20: 11, 19, 63, 71, 102, 109, 115, 128, 143, 156, 180, 212, 242, 244, 266, 279, 291, 303, 311, 318, 341, 345, 360, 382, 383, 403, 421, 424, 443, 454, 463, 483, 502, 505, 521, 551, 554, 556, 603, 622, 628, 662, 708, 711, 720, 732, 750, 790, 804, 809, 851, 873, 907, 911, 924, 943, 944, 972
