Community Detection Report:
Algorithm: Spectral CLustering
Dataset: football.gml
Time: 0.013559 seconds
Modularity: 0.576842
Community 1: 12, 14, 18, 26, 31, 34, 36, 38, 42, 43, 54, 61, 71, 85, 99
Community 2: 0, 4, 7, 8, 9, 16, 21, 22, 23, 28, 41, 50, 51, 68, 77, 78, 90, 93, 104, 108, 111
Community 3: 3, 5, 10, 11, 40, 52, 72, 74, 81, 84, 97, 98, 102, 107
Community 4: 17, 20, 24, 27, 48, 56, 57, 58, 59, 62, 63, 65, 66, 69, 70, 75, 76, 86, 87, 91, 92, 95, 96, 112, 113
Community 5: 2, 6, 13, 15, 32, 39, 46, 47, 49, 53, 60, 64, 67, 73, 83, 88, 100, 106, 110, 114
Community 6: 1, 19, 25, 29, 30, 33, 35, 37, 44, 45, 55, 79, 80, 82, 89, 94, 101, 103, 105, 109
